542	949	830	
742	981	543	625	830	758	

982	734	608	681	
999	80	678	982	521	

172	525	4	66	
59	4	956	

962	955	671	
926	671	710	368	914	

972	825	41	68	720	
749	583	110	68	

432	478	710	849	
849	62	146	

672	638	454	676	960	
999	773	575	592	721	960	

552	148	635	
281	640	635	899	

392	438	266	584	455	600	
493	292	801	47	600	439	

372	586	280	
276	447	280	685	719	

352	186	654	329	110	
869	110	105	72	978	933	

192	551	450	
597	192	75	

369	342	330	798	
913	476	961	330	294	5	

9	552	974	305	
974	398	650	

129	62	58	640	
129	220	272	476	227	

29	200	296	744	
717	103	744	65	

409	607	612	95	
607	163	715	459	52	

319	493	360	526	241	
117	972	215	526	670	

480	72	818	691	257	
257	970	634	

890	442	71	
266	442	378	379	

167	244	898	150	
888	820	166	167	

577	723	402	358	506	170	
508	340	719	804	402	

777	113	808	356	190	
518	52	356	194	643	815	

337	313	646	90	
553	958	90	955	519	782	

474	665	186	380	258	881	
915	550	982	881	927	

225	772	761	
588	772	421	890	

755	903	926	70	
998	753	926	180	

565	631	557	
656	557	803	250	968	

823	88	454	960	615	821	
346	414	821	510	

13	76	430	
376	131	13	585	809	

928	282	869	974	923	
618	383	974	

448	802	66	
448	694	380	

738	582	421	180	59	
948	693	116	154	180	239	

28	997	834	755	270	
526	834	529	10	

476	342	449	570	
26	941	292	449	780	

476	942	181	978	123	25	
546	543	638	181	

566	400	508	713	425	
591	824	425	910	

626	50	191	
626	245	623	248	490	

936	457	432	769	900	
936	455	44	481	560	

406	57	74	385	
406	341	280	144	435	

346	881	358	642	694	895	
921	603	358	

691	132	834	626	690	
201	767	168	132	754	165	

