782	225	449	348	423	225	
782	556	877	43	798	120	

862	375	123	862	
157	123	775	44	500	439	

272	495	201	272	
629	417	223	201	394	

592	688	240	592	
61	254	240	

522	68	700	465	522	
972	825	41	68	720	

712	128	474	712	
451	672	295	474	900	8	

642	68	14	463	576	463	
687	513	576	401	530	108	

822	468	645	670	670	
562	645	83	648	231	727	

312	866	921	312	588	830	
542	949	830	

822	861	507	993	168	861	
707	822	608	901	434	25	

822	911	193	35	234	822	
817	182	234	595	

592	931	931	830	908	
742	981	543	625	830	758	

399	542	15	399	950	568	
419	950	174	735	463	856	

519	822	88	931	580	88	
519	613	252	481	560	838	

239	472	518	931	518	800	
459	70	281	472	658	

369	700	700	
369	342	330	798	

369	720	866	862	705	369	
747	862	106	501	490	128	

669	703	669	
862	478	506	30	445	703	

770	975	219	770	632	878	
108	552	75	574	219	

260	465	619	553	986	986	
619	194	561	183	485	850	

450	703	456	64	9	450	
9	552	974	305	

220	188	495	220	
495	243	904	316	110	

990	466	225	990	
719	44	733	466	870	

750	406	406	
750	348	251	237	

590	911	257	752	25	590	
257	970	634	

777	722	798	16	777	
16	562	718	880	

7	62	431	431	
849	62	146	

817	842	851	851	710	439	
817	662	124	245	160	

697	280	162	48	171	697	
372	586	280	

497	400	634	634	
143	400	8	

577	784	871	871	450	848	
646	577	770	892	21	

87	963	963	46	540	
149	494	540	

927	243	243	541	910	138	
927	513	524	951	

724	355	439	902	355	
299	367	130	348	724	

374	515	515	660	86	301	
149	834	301	762	

444	15	16	444	69	130	
16	291	870	715	

884	278	550	355	550	
357	230	828	283	714	355	

805	212	805	
587	212	170	251	

455	102	455	93	484	609	
518	93	36	344	605	

805	970	970	791	
805	403	628	374	460	

265	520	553	265	
553	958	90	955	519	782	

485	254	109	254	
485	504	989	710	

783	302	716	344	716	
944	955	46	480	302	

723	629	270	723	985	
169	88	702	884	125	270	

193	480	295	924	295	
147	924	670	

673	878	844	176	673	285	
257	854	176	781	973	385	

813	966	966	390	
390	759	484	91	

278	632	724	66	150	278	
739	763	900	66	

508	762	315	824	315	860	
686	877	860	642	

458	382	356	356	640	
127	684	640	188	923	575	

728	72	401	57	510	728	
665	144	191	127	510	168	

508	60	49	812	508	195	
955	60	804	

398	960	489	242	811	960	
974	398	650	

408	20	557	992	904	408	
362	885	44	496	20	

888	120	697	432	16	697	
16	511	592	5	5	603	

28	500	166	500	375	261	
888	820	166	167	

608	470	536	153	608	81	
886	992	410	81	410	158	

88	784	616	920	88	
140	616	731	952	449	233	

398	453	453	151	
885	602	398	889	

958	73	606	111	958	742	
111	608	22	109	590	608	

908	933	81	81	70	195	
186	195	583	571	

996	492	398	996	50	255	
398	180	961	484	35	262	

906	730	2	381	730	688	
906	350	779	12	825	

936	170	928	133	133	955	
340	211	297	675	543	936	

906	280	851	204	280	628	
98	560	204	75	62	

466	280	731	731	
466	874	971	967	20	

346	387	522	398	990	398	
196	387	972	98	65	

156	917	434	230	156	
886	612	434	549	

466	397	783	783	249	
256	749	930	952	401	397	

466	887	873	873	634	
887	613	61	14	

276	197	923	348	570	348	
476	342	449	570	

416	65	450	450	
416	814	355	

206	43	608	105	640	608	
281	640	635	899	

126	723	551	126	
192	551	450	

196	883	631	631	130	899	
436	794	899	877	350	

856	51	322	249	744	322	
656	992	744	

96	361	912	728	361	
728	244	931	

706	181	832	706	427	
546	543	638	181	

976	871	824	871	940	
716	824	900	678	

206	471	233	206	457	
936	457	432	769	900	

836	291	498	210	291	
423	698	755	964	836	

51	872	50	805	574	872	
626	50	191	

141	772	847	772	
206	337	44	718	141	

731	602	318	602	335	909	
451	7	783	938	335	

241	62	706	241	470	828	
301	372	608	384	470	

861	982	861	237	
915	550	982	881	927	

541	110	645	709	110	78	
543	378	492	645	221	

361	450	18	361	644	802	
173	729	802	

381	670	56	381	503	538	
56	180	358	272	

211	894	208	208	
41	243	894	

331	713	713	
331	983	5	640	

451	723	706	706	650	128	
161	387	650	454	498	

