132	639	132	411	
691	132	834	626	690	

772	867	772	
225	772	761	

802	587	820	802	129	
399	802	424	636	

592	688	240	592	
999	773	575	592	721	960	

712	128	474	712	
177	690	712	238	311	

822	468	645	670	670	
670	236	91	888	994	965	

802	826	361	34	361	260	
202	696	361	880	348	845	

62	691	691	884	819	
480	72	818	691	257	

439	82	101	82	
82	338	293	484	505	211	

369	700	700	
369	720	866	862	705	369	

979	674	372	460	65	460	
805	403	628	374	460	

719	994	719	635	561	
719	44	733	466	870	

349	673	576	576	300	658	
687	513	576	401	530	108	

390	505	92	801	390	
718	224	11	390	

60	515	576	60	
955	60	804	

697	280	162	48	171	697	
376	697	232	879	20	638	

607	10	512	761	607	
409	607	612	95	

207	10	728	10	602	551	
728	72	401	57	510	728	

547	710	98	710	381	863	
934	461	710	588	

737	210	608	906	314	608	
608	694	845	190	

497	244	29	660	29	
29	872	775	944	473	

737	894	6	737	
15	460	131	737	

577	784	871	871	450	848	
722	768	910	15	871	

927	243	243	541	910	138	
495	243	904	316	110	

744	539	744	73	711	
29	200	296	744	

724	355	439	902	355	
357	230	828	283	714	355	

74	325	539	338	74	
406	57	74	385	

494	385	943	385	420	
749	734	158	561	30	385	

404	225	916	210	210	
916	634	916	

124	905	51	510	905	409	
437	590	905	552	879	

875	72	201	654	633	875	
573	72	216	990	72	25	

305	72	781	418	733	305	
781	2	135	444	476	781	

405	840	840	
826	623	840	

805	970	970	791	
26	711	538	624	322	970	

465	374	491	491	290	488	
949	898	92	491	510	

265	553	136	0	782	265	
136	530	808	493	136	702	

723	629	270	723	985	
748	224	723	661	

463	758	811	760	811	
398	960	489	242	811	960	

418	562	636	247	530	418	
636	922	636	294	195	60	

348	240	206	604	539	240	
61	254	240	

608	470	536	153	608	81	
212	608	164	11	170	

288	350	91	174	350	
564	509	983	206	350	

288	830	791	573	966	966	
507	742	966	781	620	315	

28	517	310	310	165	
662	85	741	310	

398	453	453	151	
346	387	522	398	990	398	

536	872	505	536	814	
536	831	250	808	375	

906	730	2	381	730	688	
938	92	404	6	730	939	

426	520	879	520	485	671	
671	380	671	28	222	

196	120	865	865	324	921	
921	182	921	

486	367	233	233	
200	233	312	135	

246	194	325	869	233	325	
276	365	233	233	271	

556	135	463	898	210	898	
556	323	215	556	

6	143	542	448	930	448	
448	802	66	

976	871	824	871	940	
871	562	535	967	

836	461	503	95	130	95	
138	484	162	95	701	

241	62	706	241	470	828	
241	803	688	82	417	

21	940	482	940	238	
21	934	21	

941	540	540	
376	867	63	495	540	

101	57	180	180	
738	582	421	180	59	

761	147	338	140	972	761	
761	483	206	206	

861	824	872	158	872	
861	313	164	861	

441	844	441	220	
176	441	218	130	

521	733	135	746	733	18	
719	733	511	90	38	

351	888	352	626	626	
626	245	623	248	490	

711	438	883	455	100	438	
392	438	266	584	455	600	

